[save]
save_dir = "configs"
filename_format = "pulse_control_20260216_"

[connection]
visa_address = "TCPIP0::192.168.0.251::5025::SOCKET"

[common]
v_on = 0.13
v_off = 2.13
frequency = 5000000.0
period = 2e-7
trigger_delay = 3160
resolution_n = 2

[simple_pulse]
pulse_width = 1.2000000000000002e-7
saved_records = [ [ 2.5e-9, 3080.0,], [ 5e-9, 3080.0,], [ 1e-8, 3072.0,], [ 2e-8, 3096.0,], [ 4e-8, 3120.0,], [ 8e-8, 3152.0,], [ 1.2000000000000002e-7, 3160.0,],]

[width_sweep]
width_start = 2.5e-9
width_stop = 1.2000000000000002e-7
width_step = 2.5e-9
wait_time = 2.5
settling_time = 0.5
trigger_delay_stop = 3184
delay_mode = "table"
delay_table = [ [ 2.5e-9, 3080.0,], [ 5e-9, 3080.0,], [ 1e-8, 3072.0,], [ 2e-8, 3096.0,], [ 4e-8, 3120.0,], [ 8e-8, 3152.0,], [ 1.2000000000000002e-7, 3160.0,],]

[delay_sweep]
pulse_width = 1e-8
wait_time = 0.04
delay_start = 0
delay_stop = 6400
delay_step = 16
settling_time = 2.0

[integration]
dmm_visa_address = "ASRL3::INSTR"
trigger_start_voltage = -9.8
trigger_end_voltage = -9.2
sweep_start_voltage = -9.0
poll_interval = 1.0
num_cycles = 16
